100
55 57
59 4
71 44
84 63
60 98
85 95
54 11
84 65
42 21
62 63
64 16
39 99
44 65
30 58
89 26
6 42
96 47
27 47
38 25
48 62
79 16
81 34
53 11
48 67
57 65
39 32
92 14
83 78
8 20
34 95
9 37
65 66
3 82
37 2
83 10
95 62
78 83
14 67
87 10
87 97
97 97
47 87
80 47
80 51
46 97
52 6
78 60
68 45
12 74
72 2
64 4
58 44
15 28
54 97
94 12
76 36
52 30
11 48
42 12
47 69
27 32
19 88
77 42
73 91
46 7
22 22
57 69
14 56
2 57
33 86
62 27
15 51
61 52
23 91
62 10
39 92
94 58
90 9
68 93
45 28
36 32
61 1
44 67
90 84
70 14
10 65
6 71
97 84
67 29
65 27
67 19
17 40
21 59
36 55
13 2
75 17
32 83
61 37
37 1
33 15
